8
8
8
7
4
9
8
9
7
5
8
9
6
8
7
9
5
7
12
9
8
8
7
9
8
6
9
7
6
8
9
12
11
11
12
11
12
11
12
11
12
11
12
10
12
10
12
12
12
11
12
11
12
11
12
12
11
12
11
12
11
12
11
10
10
11
10
11
10
11
10
11
10
11
9
11
9
11
11
11
12
11
10
11
10
11
11
10
11
10
11
10
11
12
11
11
12
11
12
11
12
11
12
11
12
10
12
10
12
12
12
10
12
11
12
11
12
12
11
12
11
12
11
12
10
9
9
10
9
10
9
10
9
10
9
10
8
10
8
10
10
10
12
10
9
10
9
10
10
9
10
9
10
9
10
13
12
12
13
12
13
12
13
12
13
12
13
11
13
11
13
12
13
11
13
12
13
12
13
13
12
13
12
13
12
13
12
11
11
12
11
12
11
12
11
12
11
12
10
12
10
12
11
12
12
12
11
12
11
12
12
11
12
11
12
11
12
13
12
12
13
12
13
12
13
12
13
12
13
11
13
11
13
12
13
9
13
12
13
12
13
13
12
13
12
13
12
13
11
10
10
11
10
11
10
11
10
11
10
11
9
11
9
11
9
11
11
11
10
11
10
11
11
10
11
10
11
10
11
13
12
12
13
12
13
12
13
12
13
12
13
11
13
11
13
12
13
10
13
12
13
12
13
13
12
13
12
13
12
13
12
11
11
12
11
12
11
12
11
12
11
12
10
12
10
12
11
12
11
12
11
12
11
12
12
11
12
11
12
11
12
13
12
12
13
12
13
12
13
12
13
12
13
11
13
11
13
12
13
12
13
12
13
12
13
13
12
13
12
13
12
13
3
7
7
8
5
9
8
9
7
8
8
9
6
7
7
9
4
8
10
9
7
6
8
8
9
9
6
8
8
9
9
12
11
11
12
11
12
11
12
11
12
11
12
10
12
10
12
12
12
11
12
11
11
12
12
12
12
11
12
12
12
12
11
10
10
11
10
11
10
11
10
11
10
11
9
11
9
11
11
11
8
11
10
10
11
11
11
11
10
11
11
11
11
12
11
11
12
11
12
11
12
11
12
11
12
10
12
10
12
12
12
11
12
11
11
12
12
12
12
11
12
12
12
12
10
9
9
10
9
10
9
10
9
10
9
10
8
10
8
10
10
10
10
10
9
9
10
10
10
10
9
10
10
10
10
13
12
12
13
12
13
12
13
12
13
12
13
11
13
11
13
12
13
11
13
12
12
13
13
13
13
12
13
13
13
13
12
11
11
12
11
12
11
12
11
12
11
12
10
12
10
12
11
12
9
12
11
11
12
12
12
12
11
12
12
12
12
13
12
12
13
12
13
12
13
12
13
12
1
2
2
3
3
4
4
3
5
4
6
5
7
6
8
7
9
8
3
9
4
10
5
11
6
12
7
4
8
5
9
4
4
5
5
5
5
6
5
7
6
8
7
9
8
10
9
10
10
5
11
6
12
7
13
8
13
9
6
10
6
10
5
5
6
6
6
6
7
6
8
7
9
8
10
9
11
10
11
11
6
12
7
13
8
14
9
14
10
7
11
7
11
6
6
7
7
7
7
8
7
9
8
10
9
11
10
12
11
12
12
7
13
8
14
9
15
10
15
11
8
12
8
12
7
7
8
8
8
8
9
8
10
9
11
10
12
11
13
12
13
13
8
14
9
15
10
16
11
16
12
9
13
9
13
8
8
9
9
9
9
10
9
11
10
12
11
13
12
14
13
14
14
9
15
10
16
11
17
12
17
13
10
14
10
14
9
9
10
10
10
10
11
10
12
11
13
12
14
13
15
14
15
15
10
16
11
17
12
18
13
18
14
11
15
11
15
10
10
11
11
11
11
12
11
13
12
14
13
15
14
16
15
16
16
11
17
12
18
13
19
14
19
15
12
16
12
16
11
11
12
12
12
12
13
12
14
13
15
14
16
15
17
16
17
17
12
18
13
19
14
20
15
20
16
13
17
13
17
12
12
13
13
13
13
14
13
15
14
16
15
17
16
18
17
18
18
13
19
14
20
15
21
16
21
17
14
18
14
18
13
13
14
14
14
14
15
14
16
15
17
16
18
17
19
18
19
19
14
20
15
21
16
22
17
22
18
15
19
15
19
14
14
15
15
15
15
16
15
17
16
18
17
19
18
20
19
20
20
15
21
16
22
17
23
18
23
19
16
20
16
20
21
22
22
23
23
24
24
23
25
24
26
25
27
26
28
27
29
28
23
29
24
30
25
31
26
32
27
24
28
25
29
24
24
25
25
25
25
26
25
27
26
28
27
29
28
30
29
30
30
25
31
26
32
27
33
28
33
29
26
30
26
30
25
25
26
26
26
26
27
26
28
27
29
28
30
29
31
30
31
31
26
32
27
33
28
34
29
34
30
27
31
27
31
26
26
27
27
27
27
28
27
29
28
30
29
31
30
32
31
32
32
27
33
28
34
29
35
30
35
31
28
32
28
32
27
27
28
28
28
28
29
28
30
29
31
30
32
31
33
32
33
33
28
34
29
35
30
36
31
36
32
29
33
29
33
28
28
29
29
29
29
30
29
31
30
32
31
33
32
34
33
34
34
29
35
30
36
31
37
32
37
33
30
34
30
34
29
29
30
30
30
30
31
30
32
31
33
32
34
33
35
34
35
35
30
36
31
37
32
38
33
38
34
31
35
31
35
30
30
31
31
31
31
32
31
33
32
34
