1
2
2
3
3
4
4
3
5
4
6
5
7
6
8
7
9
8
3
9
4
10
5
11
6
12
7
4
8
5
9
4
4
5
5
5
5
6
5
7
6
8
7
9
8
10
9
10
10
5
11
6
12
7
13
8
13
9
6
10
6
10
5
5
6
6
6
6
7
6
8
7
9
8
10
9
11
10
11
11
6
12
7
13
8
14
9
14
10
7
11
7
11
6
6
7
7
7
7
8
7
9
8
10
9
11
10
12
11
12
12
7
13
8
14
9
15
10
15
11
8
12
8
12
7
7
8
8
8
8
9
8
10
9
11
10
12
11
13
12
13
13
8
14
9
15
10
16
11
16
12
9
13
9
13
8
8
9
9
9
9
10
9
11
10
12
11
13
12
14
13
14
14
9
15
10
16
11
17
12
17
13
10
14
10
14
9
9
10
10
10
10
11
10
12
11
13
12
14
13
15
14
15
15
10
16
11
17
12
18
13
18
14
11
15
11
15
10
10
11
11
11
11
12
11
13
12
14
13
15
14
16
15
16
16
11
17
12
18
13
19
14
19
15
12
16
12
16
11
11
12
12
12
12
13
12
14
13
15
14
16
15
17
16
17
17
12
18
13
19
14
20
15
20
16
13
17
13
17
12
12
13
13
13
13
14
13
15
14
16
15
17
16
18
17
18
18
13
19
14
20
15
21
16
21
17
14
18
14
18
13
13
14
14
14
14
15
14
16
15
17
16
18
17
19
18
19
19
14
20
15
21
16
22
17
22
18
15
19
15
19
14
14
15
15
15
15
16
15
17
16
18
17
19
18
20
19
20
20
15
21
16
22
17
23
18
23
19
16
20
16
20
21
22
22
23
23
24
24
23
25
24
26
25
27
26
28
27
29
28
23
29
24
30
25
31
26
32
27
24
28
25
29
24
24
25
25
25
25
26
25
27
26
28
27
29
28
30
29
30
30
25
31
26
32
27
33
28
33
29
26
30
26
30
25
25
26
26
26
26
27
26
28
27
29
28
30
29
31
30
31
31
26
32
27
33
28
34
29
34
30
27
31
27
31
26
26
27
27
27
27
28
27
29
28
30
29
31
30
32
31
32
32
27
33
28
34
29
35
30
35
31
28
32
28
32
27
27
28
28
28
28
29
28
30
29
31
30
32
31
33
32
33
33
28
34
29
35
30
36
31
36
32
29
33
29
33
28
28
29
29
29
29
30
29
31
30
32
31
33
32
34
33
34
34
29
35
30
36
31
37
32
37
33
30
34
30
34
29
29
30
30
30
30
31
30
32
31
33
32
34
33
35
34
35
35
30
36
31
37
32
38
33
38
34
31
35
31
35
30
30
31
31
31
31
32
31
33
32
34
33
35
34
36
35
36
36
31
37
32
38
33
39
34
39
35
32
36
32
36
31
31
32
32
32
32
33
32
34
33
35
34
36
35
37
36
37
37
32
38
33
39
34
40
35
40
36
33
37
33
37
32
32
33
33
33
33
34
33
35
34
36
35
37
36
38
37
38
38
33
39
34
40
35
41
36
41
37
34
38
34
38
33
33
34
34
34
34
35
34
36
35
37
36
38
37
39
38
39
39
34
40
35
41
36
42
37
42
38
35
39
35
39
34
34
35
35
35
35
36
35
37
36
38
37
39
38
40
39
40
40
35
41
36
42
37
43
38
43
39
36
40
36
40
41
42
42
43
43
44
44
43
45
44
46
45
47
46
48
47
49
48
43
49
44
50
45
51
46
52
47
44
48
45
49
44
44
45
45
45
45
46
45
47
46
48
47
49
48
50
49
50
50
45
51
46
52
47
53
48
53
49
46
50
46
50
45
45
46
46
46
46
47
46
48
47
49
48
50
49
51
50
51
51
46
52
47
53
48
54
49
54
50
47
51
47
51
46
46
47
47
47
47
48
47
49
48
50
49
51
50
52
51
52
52
47
53
48
54
49
55
50
55
51
48
52
48
52
47
47
48
48
48
48
49
48
50
49
51
50
52
51
53
52
53
53
48
54
49
55
50
56
51
56
52
49
53
49
53
48
48
49
49
49
49
50
49
51
50
52
51
53
52
54
53
54
54
49
55
50
56
51
57
52
57
53
50
54
50
54
49
49
50
50
50
50
51
50
52
51
53
52
54
53
55
54
55
55
50
56
51
57
52
58
53
58
54
51
55
51
55
50
50
51
51
51
51
52
51
53
52
54
53
55
54
56
55
56
56
51
57
52
58
53
59
54
59
55
52
56
52
56
51
51
52
52
52
52
53
52
54
53
55
54
56
55
57
56
57
57
52
58
53
59
54
60
55
60
56
53
57
53
57
52
52
53
53
53
53
54
53
55
54
56
55
57
56
58
57
58
58
53
59
54
60
55
61
56
61
57
54
58
54
58
53
53
54
54
54
54
55
54
56
55
57
56
58
57
59
58
59
59
54
60
55
61
56
62
57
62
58
55
59
55
59
54
54
55
55
55
55
56
55
57
56
58
57
59
58
60
59
60
60
55
61
56
62
57
63
58
63
59
56
60
56
60
61
62
62
63
63
64
64
63
65
64
66
65
67
66
68
67
69
68
63
69
64
70
65
71
66
72
67
64
68
65
69
64
64
65
65
65
65
66
65
67
66
68
67
69
68
70
69
70
70
65
71
66
72
67
73
68
73
69
66
70
66
70
65
65
66
66
66
66
67
66
68
67
69
68
70
69
71
70
71
71
66
72
67
73
68
74
69
74
70
67
71
67
71
66
66
67
67
67
67
68
67
69
68
70
69
71
70
72
71
72
72
67
73
68
74
69
75
70
75
71
68
72
68
72
67
67
68
68
68
68
69
68
70
69
71
70
72
71
73
72
73
73
68
74
69
75
70
76
71
76
72
69
73
69
73
68
68
69
69
69
69
70
69
71
70
72
71
73
72
74
73
74
74
69
75
70
76
71
77
72
77
73
70
74
70
74
69
69
70
70
70
70
71
70
72
71
73
72
74
73
75
74
75
75
70
76
71
77
72
78
73
78
74
71
75
71
75
70
70
71
71
71
71
72
71
73
72
74
73
75
74
76
75
76
76
71
77
72
78
73
79
74
79
75
72
76
72
76
71
71
72
72
72
72
73
72
74
73
75
74
76
75
77
76
77
77
72
78
73
79
74
80
75
80
76
73
77
73
77
72
72
73
73
73
73
74
73
75
74
76
75
77
76
78
77
78
78
73
79
74
80
75
81
76
81
77
74
78
74
78
73
73
74
74
74
74
75
74
76
75
77
76
78
77
79
78
79
79
74
80
75
81
76
82
77
82
78
75
79
75
79
74
74
75
75
75
75
76
75
77
76
78
77
79
78
80
79
80
80
75
81
76
82
77
83
78
83
79
76
80
76
80
81
82
82
83
83
84
84
83
85
84
86
85
87
86
88
87
84
84
84
85
85
85
86
85
87
86
88
87
89
88
89
88
85
85
85
86
86
86
87
86
88
87
89
88
90
89
90
89
86
86
86
87
87
87
88
87
89
88
90
89
91
90
91
90
87
87
87
88
88
88
89
88
90
89
91
90
92
91
92
91
88
88
88
89
89
89
90
89
91
90
92
91
93
92
93
92
89
89
89
90
90
90
91
90
92
91
93
92
94
93
94
93
90
90
90
91
91
91
92
91
93
92
94
93
95
94
95
94
91
91
91
92
92
92
93
92
94
93
95
94
96
95
96
95
92
92
92
93
93
93
94
93
95
94
96
95
97
96
97
96
93
93
93
94
94
94
95
94
96
95
97
96
98
97
98
97
94
94
94
95
95
95
96
95
97
96
98
97
99
98
99
98
100
99
83
100
84
101
85
102
86
103
87
95
88
96
89
101
101
85
102
86
103
87
104
88
104
89
97
90
97
90
102
102
86
103
87
104
88
105
89
105
90
98
91
98
91
103
103
87
104
88
105
89
106
90
106
91
99
92
99
92
104
104
88
105
89
106
90
107
91
107
92
100
93
100
93
105
105
89
106
90
107
91
108
92
108
93
101
94
101
94
106
106
90
107
91
108
92
109
93
109
94
102
95
102
95
107
107
91
108
92
109
93
110
94
110
95
103
96
103
96
108
108
92
109
93
110
94
111
95
111
96
104
97
104
97
109
109
93
110
94
111
95
112
96
112
97
105
98
105
98
110
110
94
111
95
112
96
113
97
113
98
106
99
106
99
111
111
95
112
96
113
97
114
98
114
99
107
100
107
100
112
113
113
114
114
115
115
114
116
115
117
116
118
117
119
118
115
115
115
116
116
116
117
116
118
117
119
118
120
119
120
119
116
116
116
117
117
117
118
117
119
118
120
119
121
120
121
120
117
117
117
118
118
118
119
118
120
119
121
120
122
121
122
121
118
118
118
119
119
119
120
119
121
120
122
121
123
122
123
122
119
119
119
120
120
120
121
120
122
121
123
122
124
123
124
123
120
120
120
121
121
121
122
121
123
122
124
123
125
124
125
124
121
121
121
122
122
122
123
122
124
123
125
124
126
125
126
125
122
122
122
123
123
123
124
123
125
124
126
125
127
126
127
126
123
123
123
124
124
124
125
124
126
125
127
126
128
127
128
127
124
124
124
125
125
125
126
125
127
126
128
127
129
128
129
128
125
125
125
126
126
126
127
126
128
127
129
128
130
129
130
129
131
130
114
131
115
132
116
133
117
134
118
126
119
127
120
132
132
116
133
117
134
118
135
119
135
120
128
121
128
121
133
133
117
134
118
135
119
136
120
136
121
129
122
129
122
134
134
118
135
119
136
120
137
121
137
122
130
123
130
123
135
135
119
136
120
137
121
138
122
138
123
131
124
131
124
136
136
120
137
121
138
122
139
123
139
124
132
125
132
125
137
137
121
138
122
139
123
140
124
140
125
133
126
133
126
138
138
122
139
123
140
124
141
125
141
126
134
127
134
127
139
139
123
140
124
141
125
142
126
142
127
135
128
135
128
140
140
124
141
125
142
126
143
127
143
128
136
129
136
129
141
141
125
142
126
143
127
144
128
144
129
137
130
137
130
142
142
126
143
127
144
128
145
129
145
130
138
131
138
131
143
144
144
145
145
146
146
145
147
146
148
147
149
148
150
149
146
146
146
147
147
147
148
147
149
148
150
149
151
150
151
150
147
147
147
148
148
148
149
148
150
149
151
150
152
151
152
151
148
148
148
149
149
149
150
149
151
150
152
151
153
152
153
152
149
149
149
150
150
150
151
150
152
151
153
152
154
153
154
153
150
150
150
151
151
151
152
151
153
152
154
153
155
154
155
154
151
151
151
152
152
152
153
152
154
153
155
154
156
155
156
155
152
152
152
153
153
153
154
153
155
154
156
155
157
156
157
156
153
153
153
154
154
154
155
154
156
155
157
156
158
157
158
157
154
154
154
155
155
155
156
155
157
156
158
157
159
158
159
158
155
155
155
156
156
156
157
156
158
157
159
158
160
159
160
159
156
156
156
157
157
157
158
157
159
158
160
159
161
160
161
160
162
161
145
162
146
163
147
164
148
165
149
157
150
158
151
163
163
147
164
148
165
149
166
150
166
151
159
152
159
152
164
164
148
165
149
166
150
167
151
167
152
160
153
160
153
165
165
149
166
150
167
151
168
152
168
153
161
154
161
154
166
166
150
167
151
168
152
169
153
169
154
162
155
162
155
167
167
151
168
152
169
153
170
154
170
155
163
156
163
156
168
168
152
169
153
170
154
171
155
171
156
164
157
164
157
169
169
153
170
154
171
155
172
156
172
157
165
158
165
158
170
170
154
171
155
172
156
173
157
173
158
166
159
166
159
171
171
155
172
156
173
157
174
158
174
159
167
160
167
160
172
172
156
173
157
174
158
175
159
175
160
168
161
168
161
173
173
157
174
158
175
159
176
160
176
161
169
162
169
162
174
175
175
176
176
177
177
176
178
177
179
178
180
179
181
180
177
177
177
178
178
178
179
178
180
179
181
180
182
181
182
181
178
178
178
179
179
179
180
179
181
180
182
181
183
182
183
182
179
179
179
180
180
180
181
180
182
181
183
182
184
183
184
183
180
180
180
181
181
181
182
181
183
182
184
183
185
184
185
184
181
181
181
182
182
182
183
182
184
183
185
184
186
185
186
185
182
182
182
183
183
183
184
183
185
184
186
185
187
186
187
186
183
183
183
184
184
184
185
184
186
185
187
186
188
187
188
187
184
184
184
185
185
185
186
185
187
186
188
187
189
188
189
188
185
185
185
186
186
186
187
186
188
187
189
188
190
189
190
189
186
186
186
187
187
187
188
187
189
188
190
189
191
190
191
190
187
187
187
188
188
188
189
188
190
189
191
190
192
191
192
191
193
192
176
193
177
194
178
195
179
196
180
188
181
189
182
194
194
178
195
179
196
180
197
181
197
182
190
183
190
183
195
195
179
196
180
197
181
198
182
198
183
191
184
191
184
196
196
180
197
181
198
182
199
183
199
184
192
185
192
185
197
197
181
198
182
199
183
200
184
200
185
193
186
193
186
198
198
182
199
183
200
184
201
185
201
186
194
187
194
187
199
199
183
200
184
201
185
202
186
202
187
195
188
195
