1
2
2
3
3
4
4
3
5
4
6
5
7
6
8
7
9
8
3
9
4
10
5
11
6
12
7
4
8
5
9
4
4
5
5
5
5
6
5
7
6
8
7
9
8
10
9
10
10
5
11
6
12
7
13
8
13
9
6
10
6
10
5
5
6
6
6
6
7
6
8
7
9
8
10
9
11
10
11
11
6
12
7
13
8
14
9
14
10
7
11
7
11
6
6
7
7
7
7
8
7
9
8
10
9
11
10
12
11
12
12
7
13
8
14
9
15
10
15
11
8
12
8
12
7
7
8
8
8
8
9
8
10
9
11
10
12
11
13
12
13
13
8
14
9
15
10
16
11
16
12
9
13
9
13
8
8
9
9
9
9
10
9
11
10
12
11
13
12
14
13
14
14
9
15
10
16
11
17
12
17
13
10
14
10
14
9
9
10
10
10
10
11
10
12
11
13
12
14
13
15
14
15
15
10
16
11
17
12
18
13
18
14
11
15
11
15
10
10
11
11
11
11
12
11
13
12
14
13
15
14
16
15
16
16
11
17
12
18
13
19
14
19
15
12
16
12
16
11
11
12
12
12
12
13
12
14
13
15
14
16
15
17
16
17
17
12
18
13
19
14
20
15
20
16
13
17
13
17
12
12
13
13
13
13
14
13
15
14
16
15
17
16
18
17
18
18
13
19
14
