8
8
8
7
4
9
8
9
7
5
8
9
6
8
7
9
5
7
12
9
8
8
7
9
8
6
9
7
6
8
9
12
11
11
12
11
12
11
12
11
12
11
12
10
12
10
12
12
12
11
12
11
12
11
12
12
11
12
11
12
11
12
11
10
10
11
10
11
10
11
10
11
10
11
9
11
9
11
11
11
12
11
10
11
10
11
11
10
11
10
11
10
11
12
11
11
12
11
12
11
12
11
12
11
12
10
12
10
12
12
12
10
12
11
12
11
12
12
11
12
11
12
11
12
10
9
9
10
9
10
9
10
9
10
9
10
8
10
8
10
10
10
12
10
9
10
9
10
10
9
10
9
10
9
10
13
12
12
13
12
13
12
13
12
13
12
13
11
13
11
13
12
13
11
13
12
13
12
13
13
12
13
12
13
12
13
12
11
11
12
11
12
11
12
11
12
11
12
10
12
10
12
11
12
12
12
11
12
11
12
12
11
12
11
12
11
12
13
12
12
13
12
13
12
13
12
13
12
13
11
13
11
13
12
13
9
13
12
13
12
13
13
12
13
12
13
12
13
11
10
10
11
10
11
10
11
10
11
10
11
9
11
9
11
9
11
11
11
10
11
10
11
11
10
11
10
11
10
11
13
12
12
13
12
13
12
13
12
13
12
13
11
13
11
13
12
13
10
13
12
13
12
13
13
12
13
12
13
12
13
12
11
11
12
11
12
11
12
11
12
11
12
10
12
10
12
11
12
11
12
11
12
11
12
12
11
12
11
12
11
12
13
12
12
13
12
13
12
13
12
13
12
13
11
13
11
13
12
13
12
13
12
13
12
13
13
12
13
12
13
12
13
3
7
7
8
5
9
8
9
7
8
8
9
6
7
7
9
4
8
10
9
7
6
8
8
9
9
6
8
8
9
9
12
11
11
12
11
12
11
12
11
12
11
12
10
12
10
12
12
12
11
12
11
11
12
12
12
12
11
12
12
12
12
11
10
10
11
10
11
10
11
10
11
10
11
9
11
9
11
11
11
8
11
10
10
11
11
11
11
10
11
11
11
11
12
11
11
12
11
12
11
12
11
12
11
12
10
12
10
12
12
12
11
12
11
11
12
12
12
12
11
12
12
12
12
10
9
9
10
9
10
9
10
9
10
9
10
8
10
8
10
10
10
10
10
9
9
10
10
10
10
9
10
10
10
10
13
12
12
13
12
13
12
13
12
13
12
13
11
13
11
13
12
13
11
13
12
12
13
13
13
13
12
13
13
13
13
12
11
11
12
11
12
11
12
11
12
11
12
10
12
10
12
11
12
9
12
11
11
12
12
12
12
11
12
12
12
12
13
12
12
13
12
13
12
13
12
13
12
13
11
13
11
13
12
13
11
13
12
12
13
13
13
13
12
13
13
13
13
11
10
10
11
10
11
10
11
10
11
10
11
9
11
9
11
9
11
10
11
10
10
11
11
11
11
10
11
11
11
11
13
12
12
13
12
13
12
13
12
13
12
13
11
13
11
13
12
13
12
13
12
12
13
13
13
13
12
13
13
13
13
12
11
11
12
11
12
11
12
11
12
11
12
10
12
10
12
11
12
11
12
11
11
12
12
12
12
11
12
12
12
12
13
12
12
13
12
13
12
13
12
13
12
13
11
13
11
13
12
13
12
13
12
12
13
13
13
13
12
13
13
13
13
5
7
7
8
2
9
8
9
7
8
8
9
6
7
7
9
5
8
10
9
7
6
8
8
9
9
6
8
8
9
9
12
11
11
12
11
12
11
12
11
12
11
12
10
12
10
12
12
12
11
12
11
11
12
12
12
12
11
12
12
12
12
11
10
10
11
10
11
10
11
10
11
10
11
9
11
9
11
11
11
8
11
10
10
11
11
11
11
10
11
11
11
11
12
11
11
12
11
12
11
12
11
12
11
12
10
12
10
12
12
12
11
12
11
11
12
12
12
12
11
12
12
12
12
10
9
9
10
9
10
9
10
9
10
9
10
8
10
8
10
10
10
10
10
9
9
10
10
10
10
9
10
10
10
10
13
12
12
13
12
13
12
13
12
13
12
13
11
13
11
13
12
13
11
13
12
12
13
13
13
13
12
13
13
13
13
12
11
11
12
11
12
11
12
11
12
11
12
10
12
10
12
11
12
9
12
11
11
12
12
12
12
11
12
12
12
12
13
12
12
13
12
13
12
13
12
13
12
13
11
13
11
13
12
13
11
13
12
12
13
13
13
13
12
13
13
13
13
11
10
10
11
10
11
10
11
10
11
10
11
9
11
9
11
9
11
10
11
10
10
11
11
11
11
10
11
11
11
11
13
12
12
13
12
13
12
13
12
13
12
13
11
13
11
13
12
13
12
13
12
12
13
13
13
13
12
13
13
13
13
12
11
11
12
11
12
11
12
11
12
11
12
10
12
10
12
11
12
11
12
11
11
12
12
12
12
11
12
12
12
12
13
12
12
13
12
13
12
13
12
13
12
13
11
13
11
13
12
13
12
13
12
12
13
13
13
13
12
13
13
13
13
4
7
6
8
3
9
8
8
7
7
8
8
6
6
7
8
5
7
10
8
7
5
8
7
9
8
6
7
8
8
9
11
11
10
12
11
12
11
11
11
11
11
11
10
11
10
11
12
11
11
11
11
10
12
11
12
11
11
11
12
11
12
10
10
9
11
10
11
10
10
10
10
10
10
9
10
9
10
11
10
8
10
10
9
1
2
2
3
3
4
4
3
5
4
6
5
7
6
8
7
9
8
3
9
4
10
5
11
6
12
7
4
8
5
9
4
4
5
5
5
5
6
5
7
6
8
7
9
8
10
9
10
10
5
11
6
12
7
13
8
13
9
6
10
6
10
5
5
6
6
6
6
7
6
8
7
9
8
10
9
11
10
11
11
6
12
7
13
8
14
9
14
10
7
11
7
11
6
6
7
7
7
7
8
7
9
8
10
9
11
10
12
11
12
12
7
13
8
14
9
15
10
15
11
8
12
8
12
7
7
8
8
8
8
9
8
10
9
11
10
12
11
13
12
13
13
8
14
9
15
10
16
11
16
12
9
13
9
13
8
8
9
9
9
9
10
9
11
10
12
11
13
12
14
13
14
14
9
15
10
16
11
17
12
17
13
10
14
10
14
9
9
10
10
10
10
11
10
12
11
13
12
14
13
15
14
15
15
10
16
11
17
12
18
13
18
14
11
15
11
15
10
10
11
11
11
11
12
11
13
12
14
13
15
14
16
15
16
16
11
17
12
18
13
19
14
19
15
12
16
12
16
11
11
12
12
12
12
13
12
14
13
15
14
16
15
17
16
17
17
12
18
13
19
14
20
15
20
16
13
17
13
17
12
12
13
13
13
13
14
13
15
14
16
15
17
16
18
17
18
18
13
19
14
20
15
21
16
21
17
14
18
14
18
13
13
14
14
14
14
15
14
16
15
17
16
18
17
19
18
19
19
14
20
15
21
16
22
17
22
18
15
19
15
19
14
14
15
15
15
15
16
15
17
16
18
17
19
18
20
19
20
20
15
21
16
22
17
23
18
23
19
16
20
16
20
21
22
22
23
23
24
24
23
25
24
26
25
27
26
28
27
29
28
23
29
24
30
25
31
26
32
27
24
28
25
29
24
24
25
25
25
25
26
25
27
26
28
27
29
28
30
29
30
30
25
31
26
32
27
33
28
33
29
26
30
26
30
25
25
26
26
26
26
27
26
28
27
29
28
30
29
31
30
31
31
26
32
27
33
28
34
29
34
30
27
31
27
31
26
26
27
27
27
27
28
27
29
28
30
29
31
30
32
31
32
32
27
33
28
34
29
35
30
35
31
28
32
28
32
27
27
28
28
28
28
29
28
30
29
31
30
32
31
33
32
33
33
28
34
29
35
30
36
31
36
32
29
33
29
33
28
28
29
29
29
29
30
29
31
30
32
31
33
32
34
33
34
34
29
35
30
36
31
37
32
37
33
30
34
30
34
29
29
30
30
30
30
31
30
32
31
33
32
34
33
35
34
35
35
30
36
31
37
32
38
33
38
34
31
35
31
35
30
30
31
31
31
31
32
31
33
32
34
33
35
34
36
35
36
36
31
37
32
38
33
39
34
39
35
32
36
32
36
31
31
32
32
32
32
33
32
34
33
35
34
36
35
37
36
37
37
32
38
33
39
34
40
35
40
36
33
37
33
37
32
32
33
33
33
33
34
33
35
34
36
35
37
36
38
37
38
38
33
39
34
40
35
41
36
41
37
34
38
34
38
33
33
34
34
34
34
35
34
36
35
37
36
38
37
39
38
39
39
34
40
35
41
36
42
37
42
38
35
39
35
39
34
34
35
35
35
35
36
35
37
36
38
37
39
38
40
39
40
40
35
41
36
42
37
43
38
43
39
36
40
36
40
41
42
42
43
43
44
44
43
45
44
46
45
47
46
48
47
49
48
43
49
44
50
45
51
46
52
47
44
48
45
49
44
44
45
45
45
45
46
45
47
46
48
47
49
48
50
49
50
50
45
51
46
52
47
53
48
53
49
46
50
46
50
45
45
46
46
46
46
47
46
48
47
49
48
50
49
51
50
51
51
46
52
47
53
48
54
49
54
50
47
51
47
51
46
46
47
47
47
47
48
47
49
48
50
49
51
50
52
51
52
52
47
53
48
54
49
55
50
55
51
48
52
48
52
47
47
48
48
48
48
49
48
50
49
51
50
52
51
53
52
53
53
48
54
49
55
50
56
51
56
52
49
53
49
53
48
48
49
49
49
49
50
49
51
50
52
51
53
52
54
53
54
54
49
55
50
56
51
57
52
57
53
50
54
50
54
49
49
50
50
50
50
51
50
52
51
53
52
54
53
55
54
55
55
50
56
51
57
52
58
53
58
54
51
55
51
55
50
50
51
51
51
51
52
51
53
52
54
53
55
54
56
55
56
56
51
57
52
58
53
59
54
59
55
52
56
52
56
51
51
52
52
52
52
53
52
54
53
55
54
56
55
57
56
57
57
52
58
53
59
54
60
55
60
56
53
57
53
57
52
52
53
53
53
53
54
53
55
54
56
55
57
56
58
57
58
58
53
59
54
60
55
61
56
61
57
54
58
54
58
53
53
54
54
54
54
55
54
56
55
57
56
58
57
59
58
59
59
54
60
55
61
56
62
57
62
58
55
59
55
59
54
54
55
55
55
55
56
55
57
56
58
57
59
58
60
59
60
60
55
61
56
62
57
63
58
63
59
56
60
56
60
61
62
62
63
63
64
64
63
65
64
66
65
67
66
68
67
69
68
63
69
64
70
65
71
66
72
67
64
68
65
69
64
64
65
65
65
65
66
65
67
66
68
67
69
68
70
69
70
70
65
71
66
72
67
73
68
73
69
66
70
66
70
65
65
66
66
66
66
67
66
68
67
69
68
70
69
71
70
71
71
66
72
67
73
